50AA01-0820-4266	
This data for reference only	
250	0.4723
251	0.4724
252	0.4716
253	0.4716
254	0.4715
255	0.4710
256	0.4710
257	0.4709
258	0.4701
259	0.4700
260	0.4699
261	0.4693
262	0.4692
263	0.4699
264	0.4692
265	0.4691
266	0.4690
267	0.4688
268	0.4688
269	0.4689
270	0.4688
271	0.4687
272	0.4685
273	0.4683
274	0.4685
275	0.4688
276	0.4683
277	0.4680
278	0.4684
279	0.4685
280	0.4681
281	0.4679
282	0.4678
283	0.4679
284	0.4682
285	0.4680
286	0.4680
287	0.4681
288	0.4684
289	0.4683
290	0.4688
291	0.4688
292	0.4688
293	0.4689
294	0.4685
295	0.4690
296	0.4689
297	0.4686
298	0.4690
299	0.4690
300	0.4691
301	0.4692
302	0.4690
303	0.4691
304	0.4691
305	0.4696
306	0.4692
307	0.4694
308	0.4698
309	0.4700
310	0.4699
311	0.4700
312	0.4696
313	0.4698
314	0.4702
315	0.4702
316	0.4702
317	0.4703
318	0.4709
319	0.4700
320	0.4693
321	0.4689
322	0.4682
323	0.4692
324	0.4702
325	0.4710
326	0.4713
327	0.4712
328	0.4715
329	0.4710
330	0.4712
331	0.4716
332	0.4721
333	0.4723
334	0.4724
335	0.4733
336	0.4733
337	0.4732
338	0.4725
339	0.4726
340	0.4730
341	0.4733
342	0.4737
343	0.4740
344	0.4741
345	0.4741
346	0.4739
347	0.4745
348	0.4744
349	0.4746
350	0.4746
351	0.4742
352	0.4752
353	0.4751
354	0.4754
355	0.4757
356	0.4754
357	0.4755
358	0.4763
359	0.4770
360	0.4762
361	0.4764
362	0.4768
363	0.4769
364	0.4773
365	0.4774
366	0.4779
367	0.4785
368	0.4790
369	0.4794
370	0.4796
371	0.4807
372	0.4814
373	0.4817
374	0.4824
375	0.4842
376	0.4851
377	0.4861
378	0.4859
379	0.4796
380	0.4780
381	0.4779
382	0.4779
383	0.4783
384	0.4786
385	0.4789
386	0.4789
387	0.4797
388	0.4793
389	0.4794
390	0.4797
391	0.4798
392	0.4796
393	0.4798
394	0.4803
395	0.4806
396	0.4809
397	0.4815
398	0.4814
399	0.4816
400	0.4814
401	0.4816
402	0.4819
403	0.4821
404	0.4822
405	0.4825
406	0.4824
407	0.4826
408	0.4828
409	0.4832
410	0.4833
411	0.4836
412	0.4839
413	0.4838
414	0.4840
415	0.4840
416	0.4850
417	0.4847
418	0.4850
419	0.4851
420	0.4853
421	0.4856
422	0.4857
423	0.4857
424	0.4862
425	0.4862
426	0.4864
427	0.4865
428	0.4869
429	0.4870
430	0.4872
431	0.4875
432	0.4873
433	0.4877
434	0.4882
435	0.4883
436	0.4884
437	0.4885
438	0.4887
439	0.4888
440	0.4891
441	0.4894
442	0.4899
443	0.4901
444	0.4903
445	0.4905
446	0.4908
447	0.4912
448	0.4909
449	0.4913
450	0.4914
451	0.4914
452	0.4915
453	0.4914
454	0.4915
455	0.4917
456	0.4919
457	0.4920
458	0.4920
459	0.4921
460	0.4921
461	0.4922
462	0.4924
463	0.4924
464	0.4923
465	0.4925
466	0.4927
467	0.4928
468	0.4930
469	0.4932
470	0.4934
471	0.4935
472	0.4938
473	0.4943
474	0.4946
475	0.4946
476	0.4946
477	0.4948
478	0.4951
479	0.4957
480	0.4963
481	0.4973
482	0.4981
483	0.4989
484	0.4998
485	0.5006
486	0.5010
487	0.5011
488	0.5012
489	0.5013
490	0.5012
491	0.5011
492	0.5009
493	0.5010
494	0.5008
495	0.5007
496	0.5006
497	0.5005
498	0.5004
499	0.5005
500	0.5005
501	0.5005
502	0.5004
503	0.5005
504	0.5005
505	0.5007
506	0.5007
507	0.5009
508	0.5011
509	0.5011
510	0.5013
511	0.5014
512	0.5013
513	0.5014
514	0.5015
515	0.5017
516	0.5021
517	0.5022
518	0.5021
519	0.5024
520	0.5026
521	0.5027
522	0.5028
523	0.5030
524	0.5032
525	0.5035
526	0.5037
527	0.5039
528	0.5041
529	0.5043
530	0.5045
531	0.5047
532	0.5048
533	0.5051
534	0.5054
535	0.5056
536	0.5058
537	0.5061
538	0.5063
539	0.5064
540	0.5067
541	0.5069
542	0.5072
543	0.5074
544	0.5075
545	0.5079
546	0.5081
547	0.5082
548	0.5085
549	0.5087
550	0.5090
551	0.5093
552	0.5096
553	0.5095
554	0.5097
555	0.5101
556	0.5102
557	0.5105
558	0.5107
559	0.5108
560	0.5112
561	0.5113
562	0.5113
563	0.5105
564	0.5106
565	0.5110
566	0.5113
567	0.5115
568	0.5117
569	0.5120
570	0.5122
571	0.5124
572	0.5127
573	0.5129
574	0.5132
575	0.5134
576	0.5137
577	0.5139
578	0.5140
579	0.5143
580	0.5146
581	0.5147
582	0.5149
583	0.5150
584	0.5152
585	0.5153
586	0.5156
587	0.5158
588	0.5160
589	0.5161
590	0.5163
591	0.5165
592	0.5167
593	0.5168
594	0.5170
595	0.5171
596	0.5173
597	0.5175
598	0.5176
599	0.5178
600	0.5179
601	0.5182
602	0.5184
603	0.5186
604	0.5188
605	0.5188
606	0.5190
607	0.5191
608	0.5193
609	0.5196
610	0.5198
611	0.5198
612	0.5200
613	0.5202
614	0.5205
615	0.5205
616	0.5208
617	0.5209
618	0.5211
619	0.5212
620	0.5215
621	0.5216
622	0.5217
623	0.5218
624	0.5219
625	0.5223
626	0.5222
627	0.5226
628	0.5225
629	0.5227
630	0.5230
631	0.5231
632	0.5231
633	0.5235
634	0.5236
635	0.5236
636	0.5239
637	0.5240
638	0.5241
639	0.5243
640	0.5245
641	0.5247
642	0.5248
643	0.5248
644	0.5253
645	0.5253
646	0.5255
647	0.5257
648	0.5259
649	0.5259
650	0.5261
651	0.5262
652	0.5264
653	0.5265
654	0.5267
655	0.5268
656	0.5270
657	0.5272
658	0.5273
659	0.5275
660	0.5276
661	0.5277
662	0.5281
663	0.5281
664	0.5282
665	0.5284
666	0.5285
667	0.5287
668	0.5290
669	0.5291
670	0.5292
671	0.5292
672	0.5295
673	0.5298
674	0.5298
675	0.5300
676	0.5301
677	0.5303
678	0.5304
679	0.5305
680	0.5307
681	0.5309
682	0.5310
683	0.5311
684	0.5312
685	0.5314
686	0.5315
687	0.5317
688	0.5318
689	0.5317
690	0.5317
691	0.5321
692	0.5322
693	0.5323
694	0.5325
695	0.5327
696	0.5329
697	0.5330
698	0.5331
699	0.5333
700	0.5335
701	0.5337
702	0.5338
703	0.5340
704	0.5343
705	0.5345
706	0.5344
707	0.5346
708	0.5348
709	0.5349
710	0.5350
711	0.5351
712	0.5353
713	0.5354
714	0.5356
715	0.5358
716	0.5359
717	0.5360
718	0.5362
719	0.5362
720	0.5363
721	0.5365
722	0.5367
723	0.5369
724	0.5370
725	0.5371
726	0.5373
727	0.5374
728	0.5376
729	0.5377
730	0.5379
731	0.5378
732	0.5381
733	0.5381
734	0.5381
735	0.5384
736	0.5388
737	0.5388
738	0.5389
739	0.5389
740	0.5392
741	0.5393
742	0.5394
743	0.5397
744	0.5398
745	0.5400
746	0.5402
747	0.5402
748	0.5403
749	0.5406
750	0.5406
751	0.5407
752	0.5408
753	0.5409
754	0.5409
755	0.5410
756	0.5412
757	0.5415
758	0.5417
759	0.5418
760	0.5416
761	0.5419
762	0.5421
763	0.5420
764	0.5421
765	0.5422
766	0.5426
767	0.5425
768	0.5426
769	0.5428
770	0.5431
771	0.5433
772	0.5435
773	0.5436
774	0.5437
775	0.5437
776	0.5437
777	0.5441
778	0.5440
779	0.5442
780	0.5443
781	0.5444
782	0.5443
783	0.5445
784	0.5447
785	0.5450
786	0.5446
787	0.5448
788	0.5454
789	0.5455
790	0.5455
791	0.5455
792	0.5456
793	0.5459
794	0.5460
795	0.5464
796	0.5461
797	0.5462
798	0.5464
799	0.5464
800	0.5466
801	0.5468
802	0.5465
803	0.5470
804	0.5472
805	0.5469
806	0.5470
807	0.5477
808	0.5472
809	0.5479
810	0.5473
811	0.5475
812	0.5478
813	0.5481
814	0.5482
815	0.5478
816	0.5483
817	0.5485
818	0.5485
819	0.5488
820	0.5487
821	0.5488
822	0.5488
823	0.5494
824	0.5495
825	0.5498
826	0.5497
827	0.5497
828	0.5500
829	0.5505
830	0.5504
831	0.5505
832	0.5509
833	0.5512
834	0.5515
835	0.5518
836	0.5521
837	0.5524
838	0.5529
839	0.5527
840	0.5531
841	0.5536
842	0.5540
843	0.5533
844	0.5540
845	0.5550
846	0.5546
847	0.5550
848	0.5551
849	0.5553
850	0.5560
851	0.5560
852	0.5564
853	0.5561
854	0.5566
855	0.5574
856	0.5574
857	0.5578
858	0.5575
859	0.5577
860	0.5575
861	0.5546
862	0.5549
863	0.5549
864	0.5551
865	0.5553
866	0.5554
867	0.5555
868	0.5557
869	0.5558
870	0.5560
871	0.5562
872	0.5563
873	0.5564
874	0.5566
875	0.5567
876	0.5569
877	0.5570
878	0.5571
879	0.5573
880	0.5575
881	0.5576
882	0.5577
883	0.5577
884	0.5579
885	0.5581
886	0.5582
887	0.5583
888	0.5585
889	0.5586
890	0.5587
891	0.5588
892	0.5590
893	0.5591
894	0.5592
895	0.5593
896	0.5595
897	0.5596
898	0.5597
899	0.5598
900	0.5599
901	0.5601
902	0.5602
903	0.5603
904	0.5604
905	0.5605
906	0.5606
907	0.5607
908	0.5609
909	0.5610
910	0.5611
911	0.5612
912	0.5613
913	0.5614
914	0.5616
915	0.5617
916	0.5618
917	0.5619
918	0.5620
919	0.5621
920	0.5622
921	0.5623
922	0.5624
923	0.5626
924	0.5627
925	0.5628
926	0.5629
927	0.5631
928	0.5632
929	0.5632
930	0.5633
931	0.5635
932	0.5636
933	0.5637
934	0.5638
935	0.5639
936	0.5640
937	0.5642
938	0.5643
939	0.5644
940	0.5645
941	0.5646
942	0.5648
943	0.5649
944	0.5650
945	0.5651
946	0.5652
947	0.5653
948	0.5654
949	0.5655
950	0.5656
951	0.5657
952	0.5658
953	0.5660
954	0.5661
955	0.5662
956	0.5663
957	0.5664
958	0.5665
959	0.5666
960	0.5667
961	0.5668
962	0.5669
963	0.5670
964	0.5671
965	0.5672
966	0.5673
967	0.5675
968	0.5676
969	0.5677
970	0.5678
971	0.5679
972	0.5680
973	0.5682
974	0.5682
975	0.5683
976	0.5684
977	0.5686
978	0.5687
979	0.5688
980	0.5689
981	0.5690
982	0.5690
983	0.5692
984	0.5693
985	0.5694
986	0.5695
987	0.5696
988	0.5697
989	0.5698
990	0.5699
991	0.5700
992	0.5701
993	0.5702
994	0.5703
995	0.5704
996	0.5705
997	0.5706
998	0.5707
999	0.5709
1000	0.5709
1001	0.5710
1002	0.5711
1003	0.5712
1004	0.5714
1005	0.5715
1006	0.5715
1007	0.5717
1008	0.5718
1009	0.5719
1010	0.5719
1011	0.5721
1012	0.5722
1013	0.5723
1014	0.5724
1015	0.5725
1016	0.5726
1017	0.5727
1018	0.5728
1019	0.5729
1020	0.5730
1021	0.5732
1022	0.5732
1023	0.5733
1024	0.5734
1025	0.5736
1026	0.5737
1027	0.5738
1028	0.5739
1029	0.5740
1030	0.5741
1031	0.5742
1032	0.5743
1033	0.5744
1034	0.5745
1035	0.5747
1036	0.5747
1037	0.5748
1038	0.5749
1039	0.5750
1040	0.5752
1041	0.5752
1042	0.5753
1043	0.5754
1044	0.5755
1045	0.5756
1046	0.5757
1047	0.5758
1048	0.5759
1049	0.5759
1050	0.5760
1051	0.5762
1052	0.5763
1053	0.5764
1054	0.5765
1055	0.5766
1056	0.5768
1057	0.5769
1058	0.5770
1059	0.5771
1060	0.5772
1061	0.5773
1062	0.5774
1063	0.5775
1064	0.5775
1065	0.5776
1066	0.5777
1067	0.5778
1068	0.5779
1069	0.5780
1070	0.5781
1071	0.5782
1072	0.5783
1073	0.5784
1074	0.5785
1075	0.5786
1076	0.5787
1077	0.5788
1078	0.5789
1079	0.5790
1080	0.5791
1081	0.5792
1082	0.5793
1083	0.5794
1084	0.5795
1085	0.5796
1086	0.5797
1087	0.5798
1088	0.5799
1089	0.5800
1090	0.5801
1091	0.5802
1092	0.5803
1093	0.5804
1094	0.5805
1095	0.5806
1096	0.5807
1097	0.5808
1098	0.5809
1099	0.5810
1100	0.5811
1101	0.5812
1102	0.5813
1103	0.5814
1104	0.5814
1105	0.5815
1106	0.5817
1107	0.5817
1108	0.5818
1109	0.5819
1110	0.5820
1111	0.5821
1112	0.5822
1113	0.5823
1114	0.5824
1115	0.5825
1116	0.5825
1117	0.5826
1118	0.5827
1119	0.5828
1120	0.5829
1121	0.5830
1122	0.5832
1123	0.5832
1124	0.5833
1125	0.5834
1126	0.5836
1127	0.5837
1128	0.5838
1129	0.5839
1130	0.5840
1131	0.5841
1132	0.5842
1133	0.5843
1134	0.5844
1135	0.5844
1136	0.5845
1137	0.5846
1138	0.5847
1139	0.5848
1140	0.5849
1141	0.5850
1142	0.5851
1143	0.5852
1144	0.5853
1145	0.5854
1146	0.5855
1147	0.5856
1148	0.5857
1149	0.5858
1150	0.5859
1151	0.5860
1152	0.5861
1153	0.5862
1154	0.5863
1155	0.5863
1156	0.5864
1157	0.5865
1158	0.5866
1159	0.5867
1160	0.5868
1161	0.5869
1162	0.5870
1163	0.5871
1164	0.5872
1165	0.5873
1166	0.5873
1167	0.5875
1168	0.5875
1169	0.5876
1170	0.5877
1171	0.5878
1172	0.5879
1173	0.5880
1174	0.5881
1175	0.5882
1176	0.5877
1177	0.5877
1178	0.5879
1179	0.5880
1180	0.5881
1181	0.5881
1182	0.5882
1183	0.5883
1184	0.5883
1185	0.5884
1186	0.5885
1187	0.5887
1188	0.5888
1189	0.5888
1190	0.5889
1191	0.5891
1192	0.5892
1193	0.5892
1194	0.5893
1195	0.5894
1196	0.5895
1197	0.5896
1198	0.5898
1199	0.5898
1200	0.5899
1201	0.5900
1202	0.5901
1203	0.5902
1204	0.5903
1205	0.5903
1206	0.5904
1207	0.5905
1208	0.5906
1209	0.5907
1210	0.5908
1211	0.5909
1212	0.5910
1213	0.5911
1214	0.5912
1215	0.5913
1216	0.5913
1217	0.5914
1218	0.5915
1219	0.5916
1220	0.5917
1221	0.5917
1222	0.5918
1223	0.5919
1224	0.5920
1225	0.5921
1226	0.5922
1227	0.5923
1228	0.5924
1229	0.5925
1230	0.5926
1231	0.5927
1232	0.5927
1233	0.5928
1234	0.5929
1235	0.5930
1236	0.5931
1237	0.5932
1238	0.5933
1239	0.5933
1240	0.5934
1241	0.5935
1242	0.5936
1243	0.5937
1244	0.5938
1245	0.5939
1246	0.5940
1247	0.5940
1248	0.5941
1249	0.5942
1250	0.5943
1251	0.5944
1252	0.5944
1253	0.5945
1254	0.5946
1255	0.5947
1256	0.5948
1257	0.5949
1258	0.5950
1259	0.5951
1260	0.5951
1261	0.5952
1262	0.5953
1263	0.5954
1264	0.5955
1265	0.5955
1266	0.5956
1267	0.5957
1268	0.5958
1269	0.5959
1270	0.5960
1271	0.5961
1272	0.5961
1273	0.5962
1274	0.5963
1275	0.5964
1276	0.5959
1277	0.5960
1278	0.5961
1279	0.5962
1280	0.5962
1281	0.5963
1282	0.5964
1283	0.5965
1284	0.5966
1285	0.5967
1286	0.5967
1287	0.5968
1288	0.5969
1289	0.5970
1290	0.5971
1291	0.5971
1292	0.5972
1293	0.5973
1294	0.5974
1295	0.5975
1296	0.5976
1297	0.5977
1298	0.5978
1299	0.5978
1300	0.5979
1301	0.5980
1302	0.5981
1303	0.5982
1304	0.5983
1305	0.5983
1306	0.5984
1307	0.5985
1308	0.5986
1309	0.5987
1310	0.5988
1311	0.5988
1312	0.5989
1313	0.5990
1314	0.5990
1315	0.5991
1316	0.5992
1317	0.5993
1318	0.5994
1319	0.5995
1320	0.5996
1321	0.5996
1322	0.5997
1323	0.5998
1324	0.5999
1325	0.6000
1326	0.5994
1327	0.5995
1328	0.5996
1329	0.5996
1330	0.5998
1331	0.5999
1332	0.5999
1333	0.6000
1334	0.6001
1335	0.6002
1336	0.6002
1337	0.6003
1338	0.6004
1339	0.6005
1340	0.6005
1341	0.6006
1342	0.6007
1343	0.6007
1344	0.6008
1345	0.6009
1346	0.6009
1347	0.6010
1348	0.6010
1349	0.6011
1350	0.6011
1351	0.6011
1352	0.6012
1353	0.6013
1354	0.6013
1355	0.6014
1356	0.6015
1357	0.6016
1358	0.6018
1359	0.6018
1360	0.6020
1361	0.6021
1362	0.6022
1363	0.6023
1364	0.6024
1365	0.6026
1366	0.6027
1367	0.6028
1368	0.6028
1369	0.6029
1370	0.6030
1371	0.6031
1372	0.6032
1373	0.6033
1374	0.6034
1375	0.6035
1376	0.6035
1377	0.6036
1378	0.6037
1379	0.6037
1380	0.6038
1381	0.6039
1382	0.6040
1383	0.6042
1384	0.6042
1385	0.6043
1386	0.6044
1387	0.6045
1388	0.6045
1389	0.6046
1390	0.6047
1391	0.6047
1392	0.6048
1393	0.6049
1394	0.6050
1395	0.6051
1396	0.6052
1397	0.6053
1398	0.6053
1399	0.6054
1400	0.6055
1401	0.6056
1402	0.6057
1403	0.6058
1404	0.6058
1405	0.6060
1406	0.6060
1407	0.6061
1408	0.6062
1409	0.6063
1410	0.6063
1411	0.6064
1412	0.6065
1413	0.6065
1414	0.6066
1415	0.6067
1416	0.6067
1417	0.6068
1418	0.6069
1419	0.6069
1420	0.6070
1421	0.6071
1422	0.6071
1423	0.6072
1424	0.6073
1425	0.6080
1426	0.6080
1427	0.6081
1428	0.6081
1429	0.6082
1430	0.6083
1431	0.6084
1432	0.6085
1433	0.6085
1434	0.6086
1435	0.6087
1436	0.6087
1437	0.6088
1438	0.6089
1439	0.6090
1440	0.6091
1441	0.6091
1442	0.6092
1443	0.6093
1444	0.6093
1445	0.6094
1446	0.6095
1447	0.6096
1448	0.6096
1449	0.6097
1450	0.6098
1451	0.6098
1452	0.6099
1453	0.6100
1454	0.6101
1455	0.6102
1456	0.6102
1457	0.6103
1458	0.6103
1459	0.6104
1460	0.6104
1461	0.6105
1462	0.6106
1463	0.6107
1464	0.6108
1465	0.6108
1466	0.6109
1467	0.6109
1468	0.6110
1469	0.6111
1470	0.6111
1471	0.6112
1472	0.6113
1473	0.6114
1474	0.6115
1475	0.6116
1476	0.6116
1477	0.6117
1478	0.6118
1479	0.6119
1480	0.6119
1481	0.6120
1482	0.6121
1483	0.6121
1484	0.6122
1485	0.6123
1486	0.6124
1487	0.6124
1488	0.6125
1489	0.6126
1490	0.6126
1491	0.6127
1492	0.6128
1493	0.6129
1494	0.6130
1495	0.6130
1496	0.6131
1497	0.6132
1498	0.6133
1499	0.6133
1500	0.6134
1501	0.6135
1502	0.6135
1503	0.6136
1504	0.6136
1505	0.6137
1506	0.6138
1507	0.6139
1508	0.6139
1509	0.6140
1510	0.6141
1511	0.6142
1512	0.6142
1513	0.6143
1514	0.6144
1515	0.6145
1516	0.6145
1517	0.6146
1518	0.6147
1519	0.6147
1520	0.6148
1521	0.6149
1522	0.6150
1523	0.6150
1524	0.6151
1525	0.6152
1526	0.6153
1527	0.6154
1528	0.6154
1529	0.6155
1530	0.6156
1531	0.6157
1532	0.6157
1533	0.6158
1534	0.6159
1535	0.6160
1536	0.6161
1537	0.6161
1538	0.6162
1539	0.6162
1540	0.6163
1541	0.6163
1542	0.6164
1543	0.6165
1544	0.6166
1545	0.6166
1546	0.6167
1547	0.6168
1548	0.6169
1549	0.6169
1550	0.6170
1551	0.6170
1552	0.6171
1553	0.6171
1554	0.6173
1555	0.6173
1556	0.6174
1557	0.6175
1558	0.6175
1559	0.6176
1560	0.6177
1561	0.6178
1562	0.6179
1563	0.6180
1564	0.6180
1565	0.6181
1566	0.6182
1567	0.6182
1568	0.6183
1569	0.6183
1570	0.6184
1571	0.6185
1572	0.6186
1573	0.6186
1574	0.6187
1575	0.6187
1576	0.6188
1577	0.6189
1578	0.6190
1579	0.6191
1580	0.6191
1581	0.6192
1582	0.6193
1583	0.6193
1584	0.6193
1585	0.6194
1586	0.6195
1587	0.6196
1588	0.6197
1589	0.6198
1590	0.6198
1591	0.6199
1592	0.6200
1593	0.6200
1594	0.6201
1595	0.6202
1596	0.6203
1597	0.6204
1598	0.6204
1599	0.6204
1600	0.6205
1601	0.6206
1602	0.6207
1603	0.6207
1604	0.6208
1605	0.6209
1606	0.6210
1607	0.6211
1608	0.6211
1609	0.6212
1610	0.6212
1611	0.6213
1612	0.6214
1613	0.6215
1614	0.6216
1615	0.6216
1616	0.6217
1617	0.6218
1618	0.6219
1619	0.6219
1620	0.6220
1621	0.6221
1622	0.6221
1623	0.6222
1624	0.6223
1625	0.6223
1626	0.6218
1627	0.6219
1628	0.6219
1629	0.6220
1630	0.6221
1631	0.6222
1632	0.6222
1633	0.6223
1634	0.6224
1635	0.6225
1636	0.6225
1637	0.6226
1638	0.6227
1639	0.6228
1640	0.6229
1641	0.6230
1642	0.6231
1643	0.6232
1644	0.6232
1645	0.6233
1646	0.6234
1647	0.6234
1648	0.6235
1649	0.6236
1650	0.6237
1651	0.6238
1652	0.6239
1653	0.6240
1654	0.6240
1655	0.6241
1656	0.6242
1657	0.6243
1658	0.6244
1659	0.6245
1660	0.6245
1661	0.6246
1662	0.6247
1663	0.6248
1664	0.6248
1665	0.6249
1666	0.6250
1667	0.6250
1668	0.6251
1669	0.6252
1670	0.6253
1671	0.6253
1672	0.6254
1673	0.6255
1674	0.6256
1675	0.6257
1676	0.6251
1677	0.6252
1678	0.6253
1679	0.6253
1680	0.6254
1681	0.6255
1682	0.6256
1683	0.6257
1684	0.6258
1685	0.6258
1686	0.6259
1687	0.6260
1688	0.6260
1689	0.6261
1690	0.6262
1691	0.6263
1692	0.6264
1693	0.6265
1694	0.6266
1695	0.6267
1696	0.6267
1697	0.6268
1698	0.6269
1699	0.6270
1700	0.6271
1701	0.6271
1702	0.6272
1703	0.6273
1704	0.6273
1705	0.6274
1706	0.6275
1707	0.6277
1708	0.6277
1709	0.6278
1710	0.6279
1711	0.6279
1712	0.6281
1713	0.6281
1714	0.6282
1715	0.6283
1716	0.6284
1717	0.6285
1718	0.6285
1719	0.6286
1720	0.6286
1721	0.6287
1722	0.6288
1723	0.6288
1724	0.6289
1725	0.6290
1726	0.6290
1727	0.6291
1728	0.6291
1729	0.6292
1730	0.6292
1731	0.6292
1732	0.6293
1733	0.6294
1734	0.6294
1735	0.6295
1736	0.6295
1737	0.6295
1738	0.6296
1739	0.6296
1740	0.6296
1741	0.6296
1742	0.6296
1743	0.6296
1744	0.6296
1745	0.6297
1746	0.6297
1747	0.6297
1748	0.6298
1749	0.6298
1750	0.6298
1751	0.6299
1752	0.6299
1753	0.6300
1754	0.6300
1755	0.6300
1756	0.6300
1757	0.6300
1758	0.6301
1759	0.6301
1760	0.6302
1761	0.6302
1762	0.6302
1763	0.6303
1764	0.6304
1765	0.6304
1766	0.6305
1767	0.6305
1768	0.6305
1769	0.6306
1770	0.6307
1771	0.6307
1772	0.6308
1773	0.6309
1774	0.6310
1775	0.6310
1776	0.6310
1777	0.6311
1778	0.6312
1779	0.6312
1780	0.6313
1781	0.6313
1782	0.6314
1783	0.6315
1784	0.6316
1785	0.6317
1786	0.6317
1787	0.6318
1788	0.6319
1789	0.6319
1790	0.6320
1791	0.6321
1792	0.6321
1793	0.6322
1794	0.6323
1795	0.6323
1796	0.6324
1797	0.6324
1798	0.6325
1799	0.6326
1800	0.6327
1801	0.6327
1802	0.6328
1803	0.6329
1804	0.6330
1805	0.6331
1806	0.6331
1807	0.6326
1808	0.6326
1809	0.6326
1810	0.6327
1811	0.6328
1812	0.6329
1813	0.6330
1814	0.6330
1815	0.6331
1816	0.6332
1817	0.6332
1818	0.6333
1819	0.6328
1820	0.6328
1821	0.6329
1822	0.6330
1823	0.6331
1824	0.6332
1825	0.6332
1826	0.6333
1827	0.6334
1828	0.6334
1829	0.6335
1830	0.6336
1831	0.6337
1832	0.6331
1833	0.6332
1834	0.6333
1835	0.6334
1836	0.6335
1837	0.6336
1838	0.6338
1839	0.6339
1840	0.6340
1841	0.6341
1842	0.6342
1843	0.6343
1844	0.6337
1845	0.6339
1846	0.6340
1847	0.6341
1848	0.6342
1849	0.6343
1850	0.6344
1851	0.6345
1852	0.6346
1853	0.6346
1854	0.6347
1855	0.6348
1856	0.6349
1857	0.6350
1858	0.6350
1859	0.6351
1860	0.6351
1861	0.6351
1862	0.6352
1863	0.6353
1864	0.6353
1865	0.6354
1866	0.6355
1867	0.6355
1868	0.6356
1869	0.6357
1870	0.6359
1871	0.6360
1872	0.6360
1873	0.6362
1874	0.6363
1875	0.6364
1876	0.6359
1877	0.6360
1878	0.6360
1879	0.6361
1880	0.6362
1881	0.6362
1882	0.6363
1883	0.6364
1884	0.6364
1885	0.6364
1886	0.6365
1887	0.6365
1888	0.6365
1889	0.6366
1890	0.6366
1891	0.6365
1892	0.6366
1893	0.6366
1894	0.6367
1895	0.6367
1896	0.6367
1897	0.6368
1898	0.6368
1899	0.6369
1900	0.6369
1901	0.6371
1902	0.6371
1903	0.6372
1904	0.6373
1905	0.6374
1906	0.6375
1907	0.6375
1908	0.6376
1909	0.6377
1910	0.6378
1911	0.6379
1912	0.6379
1913	0.6380
1914	0.6381
1915	0.6382
1916	0.6382
1917	0.6383
1918	0.6384
1919	0.6384
1920	0.6385
1921	0.6386
1922	0.6387
1923	0.6387
1924	0.6388
1925	0.6389
1926	0.6383
1927	0.6383
1928	0.6384
1929	0.6385
1930	0.6385
1931	0.6386
1932	0.6386
1933	0.6388
1934	0.6389
1935	0.6389
1936	0.6389
1937	0.6391
1938	0.6392
1939	0.6392
1940	0.6392
1941	0.6393
1942	0.6394
1943	0.6395
1944	0.6396
1945	0.6397
1946	0.6398
1947	0.6398
1948	0.6400
1949	0.6400
1950	0.6401
1951	0.6402
1952	0.6403
1953	0.6404
1954	0.6405
1955	0.6406
1956	0.6407
1957	0.6407
1958	0.6409
1959	0.6404
1960	0.6405
1961	0.6406
1962	0.6407
1963	0.6408
1964	0.6409
1965	0.6410
1966	0.6411
1967	0.6413
1968	0.6414
1969	0.6416
1970	0.6417
1971	0.6418
1972	0.6419
1973	0.6421
1974	0.6423
1975	0.6424
1976	0.6418
1977	0.6420
1978	0.6421
1979	0.6423
1980	0.6425
1981	0.6426
1982	0.6428
1983	0.6429
1984	0.6431
1985	0.6433
1986	0.6434
1987	0.6436
1988	0.6438
1989	0.6440
1990	0.6441
1991	0.6443
1992	0.6438
1993	0.6440
1994	0.6442
1995	0.6444
1996	0.6445
1997	0.6447
1998	0.6449
1999	0.6451
2000	0.6452
2001	0.6454
2002	0.6456
2003	0.6452
2004	0.6453
2005	0.6455
2006	0.6457
2007	0.6459
2008	0.6455
2009	0.6457
2010	0.6458
2011	0.6460
2012	0.6462
2013	0.6464
2014	0.6466
2015	0.6468
2016	0.6464
2017	0.6466
2018	0.6468
2019	0.6470
2020	0.6472
2021	0.6474
2022	0.6476
2023	0.6471
2024	0.6473
2025	0.6475
2026	0.6477
2027	0.6479
2028	0.6474
2029	0.6476
2030	0.6479
2031	0.6480
2032	0.6482
2033	0.6484
2034	0.6486
2035	0.6487
2036	0.6483
2037	0.6484
2038	0.6486
2039	0.6488
2040	0.6490
2041	0.6491
2042	0.6493
2043	0.6488
2044	0.6489
2045	0.6491
2046	0.6492
2047	0.6494
2048	0.6489
2049	0.6490
2050	0.6491
2051	0.6493
2052	0.6494
2053	0.6496
2054	0.6497
2055	0.6498
2056	0.6493
2057	0.6494
2058	0.6495
2059	0.6496
2060	0.6497
2061	0.6499
2062	0.6500
2063	0.6502
2064	0.6503
2065	0.6504
2066	0.6499
2067	0.6500
2068	0.6501
2069	0.6502
2070	0.6503
2071	0.6505
2072	0.6506
2073	0.6508
2074	0.6509
2075	0.6510
2076	0.6505
2077	0.6506
2078	0.6508
2079	0.6509
2080	0.6510
2081	0.6512
2082	0.6513
2083	0.6515
2084	0.6517
2085	0.6518
2086	0.6513
2087	0.6514
2088	0.6516
2089	0.6517
2090	0.6518
2091	0.6520
2092	0.6521
2093	0.6523
2094	0.6524
2095	0.6526
2096	0.6521
2097	0.6522
2098	0.6523
2099	0.6525
2100	0.6527
2101	0.6528
2102	0.6530
2103	0.6532
2104	0.6533
2105	0.6535
2106	0.6530
2107	0.6532
2108	0.6534
2109	0.6536
2110	0.6538
2111	0.6539
2112	0.6541
2113	0.6543
2114	0.6546
2115	0.6548
2116	0.6543
2117	0.6545
2118	0.6548
2119	0.6550
2120	0.6552
2121	0.6554
2122	0.6556
2123	0.6552
2124	0.6553
2125	0.6555
2126	0.6557
2127	0.6559
2128	0.6554
2129	0.6555
2130	0.6557
2131	0.6558
2132	0.6559
2133	0.6560
2134	0.6562
2135	0.6563
2136	0.6562
2137	0.6564
2138	0.6564
2139	0.6564
2140	0.6564
2141	0.6564
2142	0.6565
2143	0.6564
2144	0.6564
2145	0.6571
2146	0.6571
2147	0.6570
2148	0.6569
2149	0.6569
2150	0.6567
2151	0.6566
2152	0.6565
2153	0.6571
2154	0.6569
2155	0.6567
2156	0.6566
2157	0.6564
2158	0.6569
2159	0.6567
2160	0.6565
2161	0.6563
2162	0.6568
2163	0.6566
2164	0.6563
2165	0.6567
2166	0.6565
2167	0.6562
2168	0.6560
2169	0.6564
2170	0.6561
2171	0.6559
2172	0.6564
2173	0.6561
2174	0.6558
2175	0.6563
2176	0.6560
2177	0.6558
2178	0.6556
2179	0.6561
2180	0.6558
2181	0.6556
2182	0.6553
2183	0.6558
2184	0.6557
2185	0.6555
2186	0.6553
2187	0.6551
2188	0.6556
2189	0.6554
2190	0.6552
2191	0.6550
2192	0.6549
2193	0.6554
2194	0.6553
2195	0.6551
2196	0.6550
2197	0.6549
2198	0.6554
2199	0.6553
2200	0.6552
2201	0.655
2202	0.655
2203	0.655
2204	0.655
2205	0.655
2206	0.655
2207	0.655
2208	0.655
2209	0.655
2210	0.655
2211	0.654
2212	0.654
2213	0.654
2214	0.654
2215	0.655
2216	0.655
2217	0.655
2218	0.655
2219	0.655
2220	0.655
2221	0.655
2222	0.655
2223	0.655
2224	0.655
2225	0.655
2226	0.655
2227	0.655
2228	0.655
2229	0.656
2230	0.655
2231	0.656
2232	0.656
2233	0.656
2234	0.656
2235	0.656
2236	0.655
2237	0.655
2238	0.655
2239	0.656
2240	0.656
2241	0.656
2242	0.656
2243	0.656
2244	0.656
2245	0.656
2246	0.656
2247	0.656
2248	0.656
2249	0.656
2250	0.657
2251	0.657
2252	0.657
2253	0.657
2254	0.657
2255	0.657
2256	0.656
2257	0.657
2258	0.657
2259	0.657
2260	0.657
2261	0.657
2262	0.657
2263	0.657
2264	0.657
2265	0.657
2266	0.658
2267	0.658
2268	0.658
2269	0.658
2270	0.658
2271	0.658
2272	0.658
2273	0.658
2274	0.659
2275	0.659
2276	0.658
2277	0.658
2278	0.658
2279	0.659
2280	0.659
2281	0.659
2282	0.659
2283	0.659
2284	0.659
2285	0.659
2286	0.659
2287	0.659
2288	0.659
2289	0.659
2290	0.659
2291	0.659
2292	0.659
2293	0.659
2294	0.659
2295	0.659
2296	0.659
2297	0.660
2298	0.659
2299	0.659
2300	0.659
2301	0.659
2302	0.660
2303	0.660
2304	0.660
2305	0.660
2306	0.660
2307	0.660
2308	0.660
2309	0.660
2310	0.660
2311	0.660
2312	0.661
2313	0.661
2314	0.661
2315	0.661
2316	0.661
2317	0.661
2318	0.661
2319	0.661
2320	0.661
2321	0.662
2322	0.662
2323	0.661
2324	0.661
2325	0.662
2326	0.662
2327	0.662
2328	0.662
2329	0.662
2330	0.662
2331	0.662
2332	0.662
2333	0.662
2334	0.662
2335	0.662
2336	0.663
2337	0.663
2338	0.662
2339	0.662
2340	0.663
2341	0.663
2342	0.663
2343	0.663
2344	0.663
2345	0.663
2346	0.663
2347	0.663
2348	0.663
2349	0.663
2350	0.663
2351	0.664
2352	0.664
2353	0.664
2354	0.664
2355	0.664
2356	0.663
2357	0.664
2358	0.664
2359	0.664
2360	0.664
2361	0.664
2362	0.664
2363	0.664
2364	0.664
2365	0.664
2366	0.664
2367	0.664
2368	0.664
2369	0.664
2370	0.664
2371	0.664
2372	0.664
2373	0.664
2374	0.664
2375	0.664
2376	0.664
2377	0.664
2378	0.665
2379	0.665
2380	0.665
2381	0.665
2382	0.665
2383	0.665
2384	0.665
2385	0.665
2386	0.664
2387	0.665
2388	0.664
2389	0.664
2390	0.665
2391	0.665
2392	0.665
2393	0.665
2394	0.665
2395	0.665
2396	0.665
2397	0.665
2398	0.665
2399	0.665
2400	0.665
2401	0.665
2402	0.665
2403	0.665
2404	0.665
2405	0.666
2406	0.666
2407	0.666
2408	0.666
2409	0.666
2410	0.666
2411	0.666
2412	0.666
2413	0.666
2414	0.666
2415	0.666
2416	0.666
2417	0.666
2418	0.666
2419	0.666
2420	0.666
2421	0.666
2422	0.666
2423	0.666
2424	0.666
2425	0.666
2426	0.666
2427	0.666
2428	0.666
2429	0.666
2430	0.666
2431	0.666
2432	0.666
2433	0.666
2434	0.666
2435	0.666
2436	0.666
2437	0.666
2438	0.666
2439	0.666
2440	0.666
2441	0.666
2442	0.666
2443	0.666
2444	0.666
2445	0.665
2446	0.666
2447	0.666
2448	0.666
2449	0.666
2450	0.666
2451	0.666
2452	0.666
2453	0.665
2454	0.666
2455	0.665
2456	0.666
2457	0.666
2458	0.666
2459	0.666
2460	0.666
2461	0.666
2462	0.666
2463	0.666
2464	0.666
2465	0.666
2466	0.666
2467	0.666
2468	0.666
2469	0.666
2470	0.666
2471	0.666
2472	0.666
2473	0.666
2474	0.666
2475	0.666
2476	0.666
2477	0.666
2478	0.667
2479	0.666
2480	0.666
2481	0.666
2482	0.667
2483	0.668
2484	0.666
2485	0.667
2486	0.667
2487	0.667
2488	0.667
2489	0.667
2490	0.667
2491	0.667
2492	0.668
2493	0.667
2494	0.668
2495	0.668
2496	0.668
2497	0.669
2498	0.671
2499	0.667
2500	0.669
