99AA04-0920-4786	
This data is for reference only	
250	0.9502
251	0.9519
252	0.9519
253	0.9525
254	0.9535
255	0.9530
256	0.9539
257	0.9537
258	0.9537
259	0.9535
260	0.9541
261	0.9543
262	0.9546
263	0.9552
264	0.9542
265	0.9542
266	0.9543
267	0.9544
268	0.9540
269	0.9540
270	0.9543
271	0.9547
272	0.9541
273	0.9533
274	0.9539
275	0.9553
276	0.9551
277	0.9552
278	0.9557
279	0.9567
280	0.9567
281	0.9568
282	0.9582
283	0.9583
284	0.9599
285	0.9616
286	0.9622
287	0.9644
288	0.9669
289	0.9689
290	0.9706
291	0.9721
292	0.9735
293	0.9741
294	0.9745
295	0.9755
296	0.9761
297	0.9756
298	0.9763
299	0.9769
300	0.9774
301	0.9781
302	0.9782
303	0.9782
304	0.9786
305	0.9793
306	0.9791
307	0.9799
308	0.9807
309	0.9809
310	0.9805
311	0.9806
312	0.9804
313	0.9803
314	0.9812
315	0.9814
316	0.9817
317	0.9824
318	0.9828
319	0.9830
320	0.9844
321	0.9833
322	0.9829
323	0.9838
324	0.9844
325	0.9849
326	0.9854
327	0.9850
328	0.9852
329	0.9847
330	0.9843
331	0.9848
332	0.9845
333	0.9862
334	0.9869
335	0.9864
336	0.9858
337	0.9865
338	0.9861
339	0.9852
340	0.9864
341	0.9871
342	0.9880
343	0.9882
344	0.9879
345	0.9878
346	0.9871
347	0.9881
348	0.9885
349	0.9878
350	0.9875
351	0.9873
352	0.9884
353	0.9875
354	0.9892
355	0.9891
356	0.9881
357	0.9887
358	0.9895
359	0.9897
360	0.9883
361	0.9885
362	0.9884
363	0.9877
364	0.9893
365	0.9879
366	0.9889
367	0.9888
368	0.9892
369	0.9887
370	0.9882
371	0.9887
372	0.9898
373	0.9887
374	0.9877
375	0.9891
376	0.9882
377	0.9883
378	0.9907
379	0.9898
380	0.9895
381	0.9889
382	0.9888
383	0.9895
384	0.9892
385	0.9887
386	0.9889
387	0.9898
388	0.9891
389	0.9894
390	0.9891
391	0.9893
392	0.9887
393	0.9886
394	0.9896
395	0.9893
396	0.9898
397	0.9905
398	0.9897
399	0.9901
400	0.9894
401	0.9895
402	0.9899
403	0.9896
404	0.9894
405	0.9894
406	0.9895
407	0.9892
408	0.9893
409	0.9894
410	0.9894
411	0.9896
412	0.9898
413	0.9893
414	0.9893
415	0.9892
416	0.9904
417	0.9892
418	0.9896
419	0.9898
420	0.9898
421	0.9900
422	0.9891
423	0.9895
424	0.9898
425	0.9895
426	0.9899
427	0.9894
428	0.9897
429	0.9894
430	0.9897
431	0.9895
432	0.9892
433	0.9895
434	0.9896
435	0.9897
436	0.9896
437	0.9896
438	0.9896
439	0.9891
440	0.9896
441	0.9896
442	0.9896
443	0.9896
444	0.9894
445	0.9896
446	0.9898
447	0.9899
448	0.9896
449	0.9897
450	0.9896
451	0.9894
452	0.9896
453	0.9892
454	0.9894
455	0.9895
456	0.9897
457	0.9898
458	0.9896
459	0.9894
460	0.9893
461	0.9892
462	0.9897
463	0.9896
464	0.9893
465	0.9893
466	0.9896
467	0.9893
468	0.9896
469	0.9894
470	0.9896
471	0.9897
472	0.9897
473	0.9895
474	0.9899
475	0.9896
476	0.9899
477	0.9899
478	0.9899
479	0.9898
480	0.9898
481	0.9901
482	0.9900
483	0.9900
484	0.9900
485	0.9901
486	0.9903
487	0.9903
488	0.9906
489	0.9905
490	0.9905
491	0.9904
492	0.9902
493	0.9904
494	0.9903
495	0.9902
496	0.9901
497	0.9901
498	0.9900
499	0.9902
500	0.9903
501	0.9900
502	0.9900
503	0.9900
504	0.9900
505	0.9902
506	0.9901
507	0.9903
508	0.9904
509	0.9903
510	0.9903
511	0.9904
512	0.9901
513	0.9899
514	0.9898
515	0.9896
516	0.9900
517	0.9902
518	0.9900
519	0.9899
520	0.9898
521	0.9899
522	0.9899
523	0.9898
524	0.9898
525	0.9900
526	0.9898
527	0.9899
528	0.9901
529	0.9900
530	0.9899
531	0.9899
532	0.9898
533	0.9897
534	0.9899
535	0.9900
536	0.9900
537	0.9900
538	0.9900
539	0.9899
540	0.9900
541	0.9898
542	0.9900
543	0.9899
544	0.9899
545	0.9900
546	0.9900
547	0.9900
548	0.9901
549	0.9898
550	0.9901
551	0.9903
552	0.9905
553	0.9899
554	0.9898
555	0.9900
556	0.9901
557	0.9901
558	0.9900
559	0.9901
560	0.9903
561	0.9902
562	0.9900
563	0.9896
564	0.9897
565	0.9899
566	0.9900
567	0.9899
568	0.9900
569	0.9900
570	0.9897
571	0.9898
572	0.9899
573	0.9897
574	0.9897
575	0.9898
576	0.9899
577	0.9900
578	0.9899
579	0.9901
580	0.9901
581	0.9900
582	0.9900
583	0.9899
584	0.9899
585	0.9898
586	0.9901
587	0.9899
588	0.9901
589	0.9899
590	0.9900
591	0.9900
592	0.9900
593	0.9899
594	0.9899
595	0.9898
596	0.9898
597	0.9901
598	0.9899
599	0.9898
600	0.9898
601	0.9900
602	0.9900
603	0.9901
604	0.9901
605	0.9898
606	0.9899
607	0.9898
608	0.9900
609	0.9900
610	0.9902
611	0.9897
612	0.9897
613	0.9899
614	0.9903
615	0.9899
616	0.9901
617	0.9900
618	0.9899
619	0.9899
620	0.9901
621	0.9901
622	0.9902
623	0.9901
624	0.9898
625	0.9900
626	0.9899
627	0.9899
628	0.9897
629	0.9899
630	0.9900
631	0.9898
632	0.9897
633	0.9900
634	0.9900
635	0.9897
636	0.9898
637	0.9900
638	0.9897
639	0.9897
640	0.9897
641	0.9900
642	0.9897
643	0.9895
644	0.9900
645	0.9898
646	0.9897
647	0.9898
648	0.9899
649	0.9899
650	0.9900
651	0.9897
652	0.9898
653	0.9897
654	0.9896
655	0.9895
656	0.9898
657	0.9898
658	0.9896
659	0.9899
660	0.9896
661	0.9896
662	0.9899
663	0.9899
664	0.9897
665	0.9898
666	0.9897
667	0.9897
668	0.9898
669	0.9898
670	0.9898
671	0.9898
672	0.9899
673	0.9899
674	0.9898
675	0.9898
676	0.9897
677	0.9897
678	0.9895
679	0.9895
680	0.9896
681	0.9896
682	0.9896
683	0.9898
684	0.9897
685	0.9897
686	0.9895
687	0.9897
688	0.9898
689	0.9896
690	0.9896
691	0.9897
692	0.9898
693	0.9896
694	0.9897
695	0.9898
696	0.9897
697	0.9896
698	0.9895
699	0.9896
700	0.9896
701	0.9897
702	0.9897
703	0.9896
704	0.9899
705	0.9899
706	0.9896
707	0.9897
708	0.9898
709	0.9897
710	0.9895
711	0.9893
712	0.9893
713	0.9895
714	0.9897
715	0.9900
716	0.9899
717	0.9896
718	0.9896
719	0.9894
720	0.9891
721	0.9895
722	0.9896
723	0.9895
724	0.9896
725	0.9896
726	0.9895
727	0.9896
728	0.9895
729	0.9893
730	0.9894
731	0.9892
732	0.9893
733	0.9892
734	0.9891
735	0.9893
736	0.9897
737	0.9895
738	0.9895
739	0.9894
740	0.9894
741	0.9895
742	0.9895
743	0.9894
744	0.9895
745	0.9897
746	0.9896
747	0.9892
748	0.9893
749	0.9897
750	0.9894
751	0.9894
752	0.9896
753	0.9893
754	0.9892
755	0.9894
756	0.9892
757	0.9894
758	0.9892
759	0.9893
760	0.9889
761	0.9891
762	0.9892
763	0.9888
764	0.9891
765	0.9890
766	0.9892
767	0.9890
768	0.9893
769	0.9889
770	0.9889
771	0.9890
772	0.9894
773	0.9891
774	0.9890
775	0.9887
776	0.9881
777	0.9888
778	0.9884
779	0.9888
780	0.9886
781	0.9889
782	0.9885
783	0.9885
784	0.9887
785	0.9888
786	0.9883
787	0.9885
788	0.9892
789	0.9889
790	0.9887
791	0.9885
792	0.9880
793	0.9885
794	0.9885
795	0.9893
796	0.9883
797	0.9884
798	0.9883
799	0.9881
800	0.9885
801	0.9882
802	0.9876
803	0.9885
804	0.9886
805	0.9873
806	0.9881
807	0.9888
808	0.9878
809	0.9885
810	0.9886
811	0.9883
812	0.9881
813	0.9886
814	0.9883
815	0.9877
816	0.9881
817	0.9880
818	0.9884
819	0.9879
820	0.9874
821	0.9883
822	0.9875
823	0.9881
824	0.9883
825	0.9880
826	0.9879
827	0.9875
828	0.9874
829	0.9878
830	0.9873
831	0.9871
832	0.9879
833	0.9885
834	0.9881
835	0.9878
836	0.9880
837	0.9880
838	0.9888
839	0.9885
840	0.9882
841	0.9892
842	0.9885
843	0.9883
844	0.9881
845	0.9890
846	0.9883
847	0.9883
848	0.9884
849	0.9883
850	0.9891
851	0.9887
852	0.9890
853	0.9879
854	0.9879
855	0.9896
856	0.9891
857	0.9886
858	0.9880
859	0.9891
860	0.9904
861	0.9899
862	0.9900
863	0.9899
864	0.9900
865	0.9900
866	0.9900
867	0.9901
868	0.9902
869	0.9901
870	0.9903
871	0.9903
872	0.9903
873	0.9903
874	0.9903
875	0.9903
876	0.9904
877	0.9904
878	0.9904
879	0.9904
880	0.9905
881	0.9905
882	0.9904
883	0.9904
884	0.9904
885	0.9905
886	0.9906
887	0.9905
888	0.9906
889	0.9905
890	0.9905
891	0.9905
892	0.9906
893	0.9906
894	0.9906
895	0.9906
896	0.9906
897	0.9906
898	0.9906
899	0.9906
900	0.9906
901	0.9905
902	0.9906
903	0.9907
904	0.9906
905	0.9905
906	0.9906
907	0.9906
908	0.9906
909	0.9907
910	0.9906
911	0.9906
912	0.9906
913	0.9906
914	0.9907
915	0.9906
916	0.9906
917	0.9906
918	0.9907
919	0.9907
920	0.9906
921	0.9906
922	0.9906
923	0.9907
924	0.9907
925	0.9907
926	0.9907
927	0.9907
928	0.9907
929	0.9907
930	0.9906
931	0.9906
932	0.9906
933	0.9906
934	0.9907
935	0.9906
936	0.9906
937	0.9906
938	0.9906
939	0.9906
940	0.9906
941	0.9907
942	0.9907
943	0.9907
944	0.9907
945	0.9907
946	0.9907
947	0.9907
948	0.9906
949	0.9906
950	0.9907
951	0.9907
952	0.9907
953	0.9907
954	0.9907
955	0.9907
956	0.9906
957	0.9906
958	0.9906
959	0.9906
960	0.9906
961	0.9906
962	0.9906
963	0.9907
964	0.9907
965	0.9906
966	0.9906
967	0.9907
968	0.9906
969	0.9906
970	0.9906
971	0.9906
972	0.9906
973	0.9907
974	0.9906
975	0.9906
976	0.9906
977	0.9906
978	0.9906
979	0.9907
980	0.9906
981	0.9906
982	0.9905
983	0.9906
984	0.9906
985	0.9906
986	0.9905
987	0.9905
988	0.9906
989	0.9906
990	0.9905
991	0.9905
992	0.9905
993	0.9905
994	0.9905
995	0.9906
996	0.9905
997	0.9905
998	0.9905
999	0.9905
1000	0.9906
1001	0.9905
1002	0.9904
1003	0.9904
1004	0.9905
1005	0.9906
1006	0.9905
1007	0.9905
1008	0.9905
1009	0.9905
1010	0.9905
1011	0.9905
1012	0.9905
1013	0.9905
1014	0.9905
1015	0.9905
1016	0.9905
1017	0.9905
1018	0.9905
1019	0.9904
1020	0.9905
1021	0.9905
1022	0.9904
1023	0.9905
1024	0.9904
1025	0.9904
1026	0.9904
1027	0.9905
1028	0.9904
1029	0.9904
1030	0.9904
1031	0.9904
1032	0.9904
1033	0.9905
1034	0.9905
1035	0.9905
1036	0.9905
1037	0.9904
1038	0.9904
1039	0.9905
1040	0.9905
1041	0.9905
1042	0.9904
1043	0.9904
1044	0.9904
1045	0.9904
1046	0.9904
1047	0.9904
1048	0.9903
1049	0.9903
1050	0.9903
1051	0.9903
1052	0.9904
1053	0.9904
1054	0.9904
1055	0.9904
1056	0.9904
1057	0.9904
1058	0.9904
1059	0.9904
1060	0.9904
1061	0.9904
1062	0.9904
1063	0.9904
1064	0.9904
1065	0.9903
1066	0.9903
1067	0.9903
1068	0.9904
1069	0.9903
1070	0.9903
1071	0.9903
1072	0.9904
1073	0.9903
1074	0.9903
1075	0.9903
1076	0.9903
1077	0.9904
1078	0.9903
1079	0.9903
1080	0.9902
1081	0.9902
1082	0.9903
1083	0.9903
1084	0.9903
1085	0.9903
1086	0.9903
1087	0.9903
1088	0.9903
1089	0.9903
1090	0.9903
1091	0.9903
1092	0.9903
1093	0.9903
1094	0.9903
1095	0.9903
1096	0.9903
1097	0.9903
1098	0.9903
1099	0.9903
1100	0.9903
1101	0.9903
1102	0.9903
1103	0.9903
1104	0.9903
1105	0.9903
1106	0.9903
1107	0.9902
1108	0.9902
1109	0.9902
1110	0.9902
1111	0.9902
1112	0.9902
1113	0.9902
1114	0.9903
1115	0.9903
1116	0.9902
1117	0.9902
1118	0.9901
1119	0.9902
1120	0.9902
1121	0.9902
1122	0.9902
1123	0.9902
1124	0.9902
1125	0.9902
1126	0.9902
1127	0.9902
1128	0.9902
1129	0.9903
1130	0.9902
1131	0.9902
1132	0.9902
1133	0.9902
1134	0.9903
1135	0.9902
1136	0.9902
1137	0.9902
1138	0.9902
1139	0.9902
1140	0.9903
1141	0.9903
1142	0.9903
1143	0.9903
1144	0.9903
1145	0.9902
1146	0.9902
1147	0.9902
1148	0.9902
1149	0.9902
1150	0.9901
1151	0.9901
1152	0.9901
1153	0.9902
1154	0.9901
1155	0.9900
1156	0.9900
1157	0.9900
1158	0.9900
1159	0.9900
1160	0.9900
1161	0.9900
1162	0.9900
1163	0.9899
1164	0.9899
1165	0.9899
1166	0.9899
1167	0.9898
1168	0.9898
1169	0.9897
1170	0.9898
1171	0.9897
1172	0.9897
1173	0.9896
1174	0.9896
1175	0.9896
1176	0.9897
1177	0.9896
1178	0.9896
1179	0.9896
1180	0.9895
1181	0.9895
1182	0.9895
1183	0.9894
1184	0.9893
1185	0.9893
1186	0.9893
1187	0.9893
1188	0.9893
1189	0.9893
1190	0.9893
1191	0.9892
1192	0.9892
1193	0.9892
1194	0.9892
1195	0.9892
1196	0.9891
1197	0.9892
1198	0.9892
1199	0.9892
1200	0.9892
1201	0.9892
1202	0.9892
1203	0.9891
1204	0.9891
1205	0.9891
1206	0.9890
1207	0.9891
1208	0.9891
1209	0.9891
1210	0.9891
1211	0.9891
1212	0.9890
1213	0.9891
1214	0.9891
1215	0.9891
1216	0.9891
1217	0.9891
1218	0.9890
1219	0.9891
1220	0.9890
1221	0.9890
1222	0.9891
1223	0.9891
1224	0.9891
1225	0.9891
1226	0.9891
1227	0.9891
1228	0.9891
1229	0.9891
1230	0.9891
1231	0.9891
1232	0.9890
1233	0.9890
1234	0.9890
1235	0.9890
1236	0.9891
1237	0.9891
1238	0.9891
1239	0.9891
1240	0.9891
1241	0.9891
1242	0.9891
1243	0.9891
1244	0.9891
1245	0.9891
1246	0.9891
1247	0.9890
1248	0.9890
1249	0.9890
1250	0.9890
1251	0.9890
1252	0.9889
1253	0.9889
1254	0.9889
1255	0.9889
1256	0.9889
1257	0.9889
1258	0.9889
1259	0.9889
1260	0.9888
1261	0.9888
1262	0.9888
1263	0.9888
1264	0.9888
1265	0.9888
1266	0.9887
1267	0.9887
1268	0.9887
1269	0.9887
1270	0.9887
1271	0.9886
1272	0.9886
1273	0.9886
1274	0.9886
1275	0.9885
1276	0.9885
1277	0.9885
1278	0.9885
1279	0.9885
1280	0.9885
1281	0.9885
1282	0.9885
1283	0.9884
1284	0.9884
1285	0.9883
1286	0.9883
1287	0.9884
1288	0.9883
1289	0.9883
1290	0.9883
1291	0.9882
1292	0.9882
1293	0.9882
1294	0.9882
1295	0.9882
1296	0.9881
1297	0.9882
1298	0.9881
1299	0.9880
1300	0.9880
1301	0.9880
1302	0.9880
1303	0.9880
1304	0.9880
1305	0.9880
1306	0.9880
1307	0.9879
1308	0.9879
1309	0.9879
1310	0.9879
1311	0.9878
1312	0.9878
1313	0.9877
1314	0.9877
1315	0.9877
1316	0.9877
1317	0.9877
1318	0.9877
1319	0.9876
1320	0.9876
1321	0.9876
1322	0.9876
1323	0.9875
1324	0.9876
1325	0.9875
1326	0.9875
1327	0.9875
1328	0.9874
1329	0.9874
1330	0.9874
1331	0.9874
1332	0.9874
1333	0.9874
1334	0.9873
1335	0.9872
1336	0.9873
1337	0.9872
1338	0.9872
1339	0.9872
1340	0.9872
1341	0.9872
1342	0.9872
1343	0.9871
1344	0.9871
1345	0.9871
1346	0.9871
1347	0.9870
1348	0.9870
1349	0.9870
1350	0.9869
1351	0.9868
1352	0.9868
1353	0.9867
1354	0.9867
1355	0.9867
1356	0.9867
1357	0.9867
1358	0.9868
1359	0.9867
1360	0.9867
1361	0.9867
1362	0.9867
1363	0.9867
1364	0.9867
1365	0.9868
1366	0.9868
1367	0.9867
1368	0.9866
1369	0.9867
1370	0.9867
1371	0.9868
1372	0.9868
1373	0.9868
1374	0.9868
1375	0.9868
1376	0.9868
1377	0.9869
1378	0.9868
1379	0.9869
1380	0.9868
1381	0.9868
1382	0.9869
1383	0.9870
1384	0.9869
1385	0.9869
1386	0.9869
1387	0.9869
1388	0.9868
1389	0.9868
1390	0.9868
1391	0.9868
1392	0.9868
1393	0.9868
1394	0.9868
1395	0.9869
1396	0.9869
1397	0.9869
1398	0.9869
1399	0.9869
1400	0.9869
1401	0.9870
1402	0.9870
1403	0.9870
1404	0.9870
1405	0.9871
1406	0.9871
1407	0.9871
1408	0.9871
1409	0.9871
1410	0.9870
1411	0.9871
1412	0.9871
1413	0.9871
1414	0.9871
1415	0.9871
1416	0.9872
1417	0.9872
1418	0.9872
1419	0.9873
1420	0.9873
1421	0.9872
1422	0.9873
1423	0.9873
1424	0.9873
1425	0.9873
1426	0.9873
1427	0.9874
1428	0.9874
1429	0.9874
1430	0.9874
1431	0.9875
1432	0.9875
1433	0.9875
1434	0.9875
1435	0.9874
1436	0.9874
1437	0.9875
1438	0.9875
1439	0.9875
1440	0.9875
1441	0.9875
1442	0.9876
1443	0.9876
1444	0.9876
1445	0.9876
1446	0.9876
1447	0.9876
1448	0.9876
1449	0.9876
1450	0.9876
1451	0.9876
1452	0.9876
1453	0.9876
1454	0.9877
1455	0.9877
1456	0.9877
1457	0.9877
1458	0.9877
1459	0.9877
1460	0.9877
1461	0.9877
1462	0.9877
1463	0.9877
1464	0.9877
1465	0.9877
1466	0.9877
1467	0.9877
1468	0.9877
1469	0.9877
1470	0.9877
1471	0.9877
1472	0.9877
1473	0.9876
1474	0.9877
1475	0.9877
1476	0.9877
1477	0.9877
1478	0.9876
1479	0.9877
1480	0.9877
1481	0.9877
1482	0.9877
1483	0.9876
1484	0.9877
1485	0.9877
1486	0.9877
1487	0.9877
1488	0.9877
1489	0.9877
1490	0.9877
1491	0.9877
1492	0.9877
1493	0.9877
1494	0.9877
1495	0.9877
1496	0.9877
1497	0.9877
1498	0.9877
1499	0.9877
1500	0.9876
1501	0.9876
1502	0.9876
1503	0.9876
1504	0.9876
1505	0.9876
1506	0.9876
1507	0.9876
1508	0.9876
1509	0.9876
1510	0.9876
1511	0.9876
1512	0.9876
1513	0.9876
1514	0.9876
1515	0.9876
1516	0.9876
1517	0.9876
1518	0.9875
1519	0.9875
1520	0.9876
1521	0.9876
1522	0.9876
1523	0.9876
1524	0.9876
1525	0.9876
1526	0.9876
1527	0.9876
1528	0.9877
1529	0.9876
1530	0.9876
1531	0.9876
1532	0.9876
1533	0.9876
1534	0.9876
1535	0.9876
1536	0.9876
1537	0.9876
1538	0.9876
1539	0.9876
1540	0.9876
1541	0.9875
1542	0.9875
1543	0.9876
1544	0.9875
1545	0.9875
1546	0.9875
1547	0.9875
1548	0.9876
1549	0.9875
1550	0.9875
1551	0.9875
1552	0.9874
1553	0.9874
1554	0.9875
1555	0.9875
1556	0.9875
1557	0.9875
1558	0.9875
1559	0.9875
1560	0.9875
1561	0.9875
1562	0.9875
1563	0.9875
1564	0.9875
1565	0.9875
1566	0.9876
1567	0.9875
1568	0.9875
1569	0.9874
1570	0.9875
1571	0.9874
1572	0.9875
1573	0.9875
1574	0.9875
1575	0.9874
1576	0.9874
1577	0.9875
1578	0.9875
1579	0.9875
1580	0.9875
1581	0.9875
1582	0.9875
1583	0.9875
1584	0.9874
1585	0.9874
1586	0.9875
1587	0.9875
1588	0.9875
1589	0.9875
1590	0.9874
1591	0.9874
1592	0.9874
1593	0.9875
1594	0.9874
1595	0.9875
1596	0.9874
1597	0.9875
1598	0.9874
1599	0.9874
1600	0.9873
1601	0.9874
1602	0.9873
1603	0.9873
1604	0.9873
1605	0.9873
1606	0.9872
1607	0.9872
1608	0.9872
1609	0.9872
1610	0.9872
1611	0.9871
1612	0.9872
1613	0.9871
1614	0.9871
1615	0.9871
1616	0.9871
1617	0.9871
1618	0.9871
1619	0.9870
1620	0.9870
1621	0.9869
1622	0.9869
1623	0.9869
1624	0.9869
1625	0.9868
1626	0.9867
1627	0.9867
1628	0.9867
1629	0.9866
1630	0.9866
1631	0.9866
1632	0.9865
1633	0.9865
1634	0.9865
1635	0.9865
1636	0.9864
1637	0.9864
1638	0.9864
1639	0.9864
1640	0.9863
1641	0.9863
1642	0.9863
1643	0.9863
1644	0.9863
1645	0.9862
1646	0.9861
1647	0.9861
1648	0.9860
1649	0.9860
1650	0.9860
1651	0.9860
1652	0.9860
1653	0.9859
1654	0.9859
1655	0.9859
1656	0.9859
1657	0.9858
1658	0.9858
1659	0.9857
1660	0.9857
1661	0.9856
1662	0.9856
1663	0.9856
1664	0.9856
1665	0.9855
1666	0.9854
1667	0.9854
1668	0.9854
1669	0.9853
1670	0.9853
1671	0.9852
1672	0.9852
1673	0.9852
1674	0.9851
1675	0.9851
1676	0.9851
1677	0.9850
1678	0.9849
1679	0.9849
1680	0.9849
1681	0.9848
1682	0.9848
1683	0.9848
1684	0.9847
1685	0.9847
1686	0.9846
1687	0.9846
1688	0.9845
1689	0.9844
1690	0.9844
1691	0.9844
1692	0.9843
1693	0.9843
1694	0.9843
1695	0.9842
1696	0.9841
1697	0.9841
1698	0.9841
1699	0.9841
1700	0.9840
1701	0.9840
1702	0.9840
1703	0.9839
1704	0.9839
1705	0.9838
1706	0.9838
1707	0.9838
1708	0.9838
1709	0.9837
1710	0.9837
1711	0.9837
1712	0.9837
1713	0.9837
1714	0.9837
1715	0.9837
1716	0.9837
1717	0.9837
1718	0.9837
1719	0.9837
1720	0.9837
1721	0.9837
1722	0.9836
1723	0.9836
1724	0.9836
1725	0.9837
1726	0.9837
1727	0.9837
1728	0.9837
1729	0.9837
1730	0.9837
1731	0.9837
1732	0.9838
1733	0.9839
1734	0.9838
1735	0.9839
1736	0.9839
1737	0.9839
1738	0.9840
1739	0.9839
1740	0.9839
1741	0.9839
1742	0.9839
1743	0.9839
1744	0.9839
1745	0.9840
1746	0.9840
1747	0.9840
1748	0.9840
1749	0.9840
1750	0.9840
1751	0.9841
1752	0.9841
1753	0.9841
1754	0.9841
1755	0.9841
1756	0.9841
1757	0.9841
1758	0.9841
1759	0.9842
1760	0.9842
1761	0.9841
1762	0.9841
1763	0.9842
1764	0.9842
1765	0.9842
1766	0.9842
1767	0.9843
1768	0.9843
1769	0.9842
1770	0.9842
1771	0.9842
1772	0.9843
1773	0.9843
1774	0.9843
1775	0.9843
1776	0.9843
1777	0.9843
1778	0.9843
1779	0.9842
1780	0.9843
1781	0.9842
1782	0.9843
1783	0.9842
1784	0.9843
1785	0.9843
1786	0.9843
1787	0.9842
1788	0.9842
1789	0.9842
1790	0.9842
1791	0.9842
1792	0.9841
1793	0.9841
1794	0.9841
1795	0.9840
1796	0.9840
1797	0.9840
1798	0.9839
1799	0.9839
1800	0.9839
1801	0.9838
1802	0.9837
1803	0.9837
1804	0.9837
1805	0.9836
1806	0.9835
1807	0.9835
1808	0.9834
1809	0.9832
1810	0.9831
1811	0.9831
1812	0.9830
1813	0.9829
1814	0.9828
1815	0.9827
1816	0.9825
1817	0.9824
1818	0.9823
1819	0.9823
1820	0.9823
1821	0.9822
1822	0.9819
1823	0.9818
1824	0.9817
1825	0.9816
1826	0.9815
1827	0.9814
1828	0.9813
1829	0.9812
1830	0.9811
1831	0.9809
1832	0.9808
1833	0.9807
1834	0.9806
1835	0.9806
1836	0.9805
1837	0.9804
1838	0.9803
1839	0.9803
1840	0.9802
1841	0.9800
1842	0.9799
1843	0.9799
1844	0.9798
1845	0.9798
1846	0.9798
1847	0.9797
1848	0.9796
1849	0.9796
1850	0.9795
1851	0.9794
1852	0.9794
1853	0.9793
1854	0.9792
1855	0.9792
1856	0.9791
1857	0.9791
1858	0.9791
1859	0.9790
1860	0.9789
1861	0.9788
1862	0.9788
1863	0.9788
1864	0.9787
1865	0.9787
1866	0.9787
1867	0.9786
1868	0.9786
1869	0.9786
1870	0.9786
1871	0.9786
1872	0.9785
1873	0.9785
1874	0.9786
1875	0.9786
1876	0.9785
1877	0.9785
1878	0.9785
1879	0.9785
1880	0.9784
1881	0.9784
1882	0.9784
1883	0.9784
1884	0.9784
1885	0.9783
1886	0.9783
1887	0.9782
1888	0.9782
1889	0.9782
1890	0.9781
1891	0.9781
1892	0.9781
1893	0.9780
1894	0.9780
1895	0.9779
1896	0.9779
1897	0.9779
1898	0.9778
1899	0.9778
1900	0.9777
1901	0.9778
1902	0.9777
1903	0.9777
1904	0.9777
1905	0.9777
1906	0.9777
1907	0.9776
1908	0.9776
1909	0.9777
1910	0.9776
1911	0.9776
1912	0.9776
1913	0.9776
1914	0.9776
1915	0.9776
1916	0.9775
1917	0.9776
1918	0.9775
1919	0.9775
1920	0.9775
1921	0.9774
1922	0.9774
1923	0.9774
1924	0.9774
1925	0.9773
1926	0.9773
1927	0.9773
1928	0.9772
1929	0.9772
1930	0.9771
1931	0.9771
1932	0.9771
1933	0.9770
1934	0.9770
1935	0.9769
1936	0.9769
1937	0.9769
1938	0.9769
1939	0.9768
1940	0.9767
1941	0.9766
1942	0.9766
1943	0.9766
1944	0.9765
1945	0.9765
1946	0.9764
1947	0.9763
1948	0.9763
1949	0.9763
1950	0.9762
1951	0.9761
1952	0.9760
1953	0.9760
1954	0.9759
1955	0.9758
1956	0.9758
1957	0.9757
1958	0.9756
1959	0.9755
1960	0.9754
1961	0.9753
1962	0.9752
1963	0.9751
1964	0.9751
1965	0.9749
1966	0.9748
1967	0.9747
1968	0.9746
1969	0.9745
1970	0.9744
1971	0.9743
1972	0.9742
1973	0.9741
1974	0.9740
1975	0.9739
1976	0.9737
1977	0.9736
1978	0.9735
1979	0.9734
1980	0.9733
1981	0.9731
1982	0.9730
1983	0.9729
1984	0.9727
1985	0.9727
1986	0.9725
1987	0.9724
1988	0.9723
1989	0.9721
1990	0.9720
1991	0.9719
1992	0.9717
1993	0.9715
1994	0.9713
1995	0.9712
1996	0.9709
1997	0.9707
1998	0.9705
1999	0.9703
2000	0.9701
2001	0.9699
2002	0.9697
2003	0.9695
2004	0.9693
2005	0.9691
2006	0.9689
2007	0.9687
2008	0.9684
2009	0.9682
2010	0.9679
2011	0.9677
2012	0.9674
2013	0.9672
2014	0.9669
2015	0.9666
2016	0.9664
2017	0.9661
2018	0.9658
2019	0.9656
2020	0.9653
2021	0.9651
2022	0.9648
2023	0.9645
2024	0.9643
2025	0.9641
2026	0.9638
2027	0.9635
2028	0.9633
2029	0.9631
2030	0.9629
2031	0.9626
2032	0.9624
2033	0.9621
2034	0.9618
2035	0.9615
2036	0.9613
2037	0.9610
2038	0.9607
2039	0.9605
2040	0.9603
2041	0.9600
2042	0.9598
2043	0.9596
2044	0.9593
2045	0.9591
2046	0.9588
2047	0.9586
2048	0.9584
2049	0.9582
2050	0.9580
2051	0.9578
2052	0.9576
2053	0.9574
2054	0.9572
2055	0.9570
2056	0.9568
2057	0.9566
2058	0.9564
2059	0.9561
2060	0.9559
2061	0.9558
2062	0.9556
2063	0.9554
2064	0.9553
2065	0.9551
2066	0.9550
2067	0.9548
2068	0.9546
2069	0.9544
2070	0.9542
2071	0.9541
2072	0.9539
2073	0.9537
2074	0.9536
2075	0.9534
2076	0.9532
2077	0.9530
2078	0.9529
2079	0.9527
2080	0.9525
2081	0.9524
2082	0.9522
2083	0.9521
2084	0.9520
2085	0.9519
2086	0.9516
2087	0.9515
2088	0.9514
2089	0.9511
2090	0.9510
2091	0.9508
2092	0.9507
2093	0.9505
2094	0.9503
2095	0.9501
2096	0.9500
2097	0.9498
2098	0.9496
2099	0.9494
2100	0.9493
2101	0.9491
2102	0.9489
2103	0.9488
2104	0.9485
2105	0.9483
2106	0.9482
2107	0.9480
2108	0.9478
2109	0.9476
2110	0.9474
2111	0.9472
2112	0.9469
2113	0.9467
2114	0.9466
2115	0.9463
2116	0.9460
2117	0.9459
2118	0.9458
2119	0.9456
2120	0.9453
2121	0.9451
2122	0.9449
2123	0.9447
2124	0.9446
2125	0.9444
2126	0.9442
2127	0.9441
2128	0.9440
2129	0.9438
2130	0.9435
2131	0.9433
2132	0.9432
2133	0.9431
2134	0.9431
2135	0.9431
2136	0.9430
2137	0.9431
2138	0.9432
2139	0.9431
2140	0.9432
2141	0.9434
2142	0.9435
2143	0.9436
2144	0.9438
2145	0.9440
2146	0.9441
2147	0.9443
2148	0.9445
2149	0.9448
2150	0.9450
2151	0.9451
2152	0.9455
2153	0.9457
2154	0.9460
2155	0.9464
2156	0.9467
2157	0.9470
2158	0.9474
2159	0.9477
2160	0.9481
2161	0.9485
2162	0.9488
2163	0.9493
2164	0.9497
2165	0.9500
2166	0.9504
2167	0.9508
2168	0.9513
2169	0.9516
2170	0.9521
2171	0.9525
2172	0.9529
2173	0.9533
2174	0.9537
2175	0.9540
2176	0.9544
2177	0.9548
2178	0.9553
2179	0.9557
2180	0.9561
2181	0.9564
2182	0.9568
2183	0.9572
2184	0.9576
2185	0.9579
2186	0.9582
2187	0.9585
2188	0.9589
2189	0.9592
2190	0.9595
2191	0.9597
2192	0.9600
2193	0.9603
2194	0.9606
2195	0.9607
2196	0.9610
2197	0.9613
2198	0.9615
2199	0.9618
2200	0.9622
2201	0.9625
2202	0.9623
2203	0.9625
2204	0.9627
2205	0.9628
2206	0.9629
2207	0.9631
2208	0.9633
2209	0.9634
2210	0.9635
2211	0.9637
2212	0.9638
2213	0.9639
2214	0.9640
2215	0.9640
2216	0.9640
2217	0.9641
2218	0.9641
2219	0.9642
2220	0.9642
2221	0.9643
2222	0.9644
2223	0.9644
2224	0.9643
2225	0.9644
2226	0.9644
2227	0.9644
2228	0.9644
2229	0.9644
2230	0.9643
2231	0.9643
2232	0.9643
2233	0.9643
2234	0.9642
2235	0.9642
2236	0.9642
2237	0.9641
2238	0.9640
2239	0.9640
2240	0.9639
2241	0.9638
2242	0.9637
2243	0.9636
2244	0.9635
2245	0.9634
2246	0.9635
2247	0.9633
2248	0.9632
2249	0.9631
2250	0.9630
2251	0.9629
2252	0.9628
2253	0.9627
2254	0.9625
2255	0.9625
2256	0.9624
2257	0.9623
2258	0.9623
2259	0.9621
2260	0.9620
2261	0.9619
2262	0.9618
2263	0.9617
2264	0.9616
2265	0.9615
2266	0.9614
2267	0.9613
2268	0.9611
2269	0.9609
2270	0.9608
2271	0.9606
2272	0.9605
2273	0.9603
2274	0.9603
2275	0.9602
2276	0.9600
2277	0.9599
2278	0.9597
2279	0.9597
2280	0.9595
2281	0.9593
2282	0.9591
2283	0.9589
2284	0.9587
2285	0.9585
2286	0.9583
2287	0.9581
2288	0.9579
2289	0.9578
2290	0.9575
2291	0.9573
2292	0.9570
2293	0.9569
2294	0.9567
2295	0.9563
2296	0.9561
2297	0.9559
2298	0.9557
2299	0.9555
2300	0.9553
2301	0.9553
2302	0.9550
2303	0.9548
2304	0.9546
2305	0.9545
2306	0.9543
2307	0.9541
2308	0.9538
2309	0.9536
2310	0.9534
2311	0.9533
2312	0.9530
2313	0.9529
2314	0.9526
2315	0.9525
2316	0.9523
2317	0.9521
2318	0.9519
2319	0.9517
2320	0.9515
2321	0.9513
2322	0.9511
2323	0.9507
2324	0.9506
2325	0.9503
2326	0.9499
2327	0.9497
2328	0.9497
2329	0.9493
2330	0.9490
2331	0.9486
2332	0.9486
2333	0.9483
2334	0.9480
2335	0.9478
2336	0.9475
2337	0.9474
2338	0.9471
2339	0.9470
2340	0.9466
2341	0.9463
2342	0.9463
2343	0.9460
2344	0.9458
2345	0.9457
2346	0.9452
2347	0.9453
2348	0.9450
2349	0.9448
2350	0.9446
2351	0.9445
2352	0.9444
2353	0.9441
2354	0.9441
2355	0.9439
2356	0.9437
2357	0.9438
2358	0.9435
2359	0.9433
2360	0.9432
2361	0.9430
2362	0.9429
2363	0.9428
2364	0.9429
2365	0.9427
2366	0.9427
2367	0.9426
2368	0.9424
2369	0.9423
2370	0.9421
2371	0.9422
2372	0.9421
2373	0.9420
2374	0.9419
2375	0.9418
2376	0.9417
2377	0.9417
2378	0.9415
2379	0.9415
2380	0.9413
2381	0.9412
2382	0.9413
2383	0.9413
2384	0.9413
2385	0.9412
2386	0.9411
2387	0.9411
2388	0.9409
2389	0.9407
2390	0.9407
2391	0.9406
2392	0.9406
2393	0.9405
2394	0.9405
2395	0.9404
2396	0.9404
2397	0.9405
2398	0.9403
2399	0.9401
2400	0.9400
2401	0.9400
2402	0.9400
2403	0.9401
2404	0.9400
2405	0.9400
2406	0.9401
2407	0.9399
2408	0.9399
2409	0.9400
2410	0.9398
2411	0.9397
2412	0.9397
2413	0.9398
2414	0.9397
2415	0.9396
2416	0.9396
2417	0.9395
2418	0.9395
2419	0.9396
2420	0.9395
2421	0.9394
2422	0.9394
2423	0.9393
2424	0.9394
2425	0.9394
2426	0.9392
2427	0.9392
2428	0.9393
2429	0.9392
2430	0.9392
2431	0.9393
2432	0.9392
2433	0.9392
2434	0.9391
2435	0.9390
2436	0.9388
2437	0.9388
2438	0.9387
2439	0.9387
2440	0.9387
2441	0.9388
2442	0.9388
2443	0.9387
2444	0.9385
2445	0.9381
2446	0.9382
2447	0.9381
2448	0.9383
2449	0.9385
2450	0.9384
2451	0.9386
2452	0.9383
2453	0.9378
2454	0.9381
2455	0.9379
2456	0.9379
2457	0.9382
2458	0.9385
2459	0.9389
2460	0.9387
2461	0.9382
2462	0.9382
2463	0.9382
2464	0.9383
2465	0.9382
2466	0.9386
2467	0.9390
2468	0.9390
2469	0.9388
2470	0.9391
2471	0.9390
2472	0.9387
2473	0.9389
2474	0.9388
2475	0.9391
2476	0.9391
2477	0.9391
2478	0.9398
2479	0.9395
2480	0.9387
2481	0.9389
2482	0.9395
2483	0.9402
2484	0.9387
2485	0.9406
2486	0.9403
2487	0.9401
2488	0.9385
2489	0.9397
2490	0.9391
2491	0.9391
2492	0.9407
2493	0.9392
2494	0.9389
2495	0.9398
2496	0.9383
2497	0.9391
2498	0.9414
2499	0.9395
2500	0.9387
